42251 370911194303316361 1 刘璐 15182887518 柳州 齐齐哈尔 03:04 22:56 939.60 0 无 无 0.0 
14731 450403195609192530 1 范博 15170263981 郑州 嘉禾 03:35 03:21 822.00 0 无 无 0.0 
91608 330411197509066010 0 王玉兰 18633155829 佛山 六安 19:10 14:33 351.90 1 西宁学院 9189226509 0.16 
68455 410801193412189357 1 秦鑫 14754277585 关岭 海门 22:42 00:51 50.91 0 无 无 0.0 
22730 520323197010225516 1 王玲 13086485752 合山 长春 13:14 15:40 372.72 0 无 无 0.0 
59994 150622199610069465 1 傅桂英 18579119492 嘉禾 淮安 06:02 09:35 957.93 0 无 无 0.0 
24631 640323195302183336 1 严婷婷 13485526452 佛山 南宁 00:27 06:43 322.56 0 无 无 0.0 
34216 350782200010228826 0 陶璐 18985495439 呼和浩特 梧州 20:49 06:39 67.38 0 无 无 0.0 
62048 513422197604040754 0 谭浩 15242060263 辛集 张家港 21:59 13:06 415.30 0 无 无 0.0 
34943 450123197112288957 0 黄秀云 15251735269 兴安盟 潮州 20:03 15:47 319.41 1 潮州学院 8779653070 1.00 
24230 210403195307021301 1 谷帅 13374240537 石家庄 阜新 01:51 19:54 414.82 1 成都学院 2564158553 0.30 
24230 210403195307021301 1 谷帅 13374240537 石家庄 阜新 01:51 19:54 414.82 1 成都学院 2564158553 0.30
24230 210403195307021301 1 谷帅 13374240537 石家庄 阜新 01:51 19:54 414.82 1 成都学院 2564158553 0.30
34943 450123197112288957 0 黄秀云 15251735269 兴安盟 潮州 20:03 15:47 319.41 1 潮州学院 8779653070 1.00
24230 210403195307021301 1 谷帅 13374240537 石家庄 阜新 01:51 19:54 414.82 1 成都学院 2564158553 0.30
34943 450123197112288957 0 黄秀云 15251735269 兴安盟 潮州 20:03 15:47 319.41 1 潮州学院 8779653070 1.00
62048 513422197604040754 0 谭浩 15242060263 辛集 张家港 21:59 13:06 415.30 0 无 无 0.00
24230 210403195307021301 1 谷帅 13374240537 石家庄 阜新 01:51 19:54 414.82 1 成都学院 2564158553 0.30
34943 450123197112288957 0 黄秀云 15251735269 兴安盟 潮州 20:03 15:47 319.41 1 潮州学院 8779653070 1.00
62048 513422197604040754 0 谭浩 15242060263 辛集 张家港 21:59 13:06 415.30 0 无 无 0.00
34216 350782200010228826 0 陶璐 18985495439 呼和浩特 梧州 20:49 06:39 67.38 0 无 无 0.00
24230 210403195307021301 1 谷帅 13374240537 石家庄 阜新 01:51 19:54 414.82 1 成都学院 2564158553 0.30
34943 450123197112288957 0 黄秀云 15251735269 兴安盟 潮州 20:03 15:47 319.41 1 潮州学院 8779653070 1.00
62048 513422197604040754 0 谭浩 15242060263 辛集 张家港 21:59 13:06 415.30 0 无 无 0.00
34216 350782200010228826 0 陶璐 18985495439 呼和浩特 梧州 20:49 06:39 67.38 0 无 无 0.00
24631 640323195302183336 1 严婷婷 13485526452 佛山 南宁 00:27 06:43 322.56 0 无 无 0.00
24230 210403195307021301 1 谷帅 13374240537 石家庄 阜新 01:51 19:54 414.82 1 成都学院 2564158553 0.30
34943 450123197112288957 0 黄秀云 15251735269 兴安盟 潮州 20:03 15:47 319.41 1 潮州学院 8779653070 1.00
62048 513422197604040754 0 谭浩 15242060263 辛集 张家港 21:59 13:06 415.30 0 无 无 0.00
34216 350782200010228826 0 陶璐 18985495439 呼和浩特 梧州 20:49 06:39 67.38 0 无 无 0.00
24631 640323195302183336 1 严婷婷 13485526452 佛山 南宁 00:27 06:43 322.56 0 无 无 0.00
59994 150622199610069465 1 傅桂英 18579119492 嘉禾 淮安 06:02 09:35 957.93 0 无 无 0.00
24230 210403195307021301 1 谷帅 13374240537 石家庄 阜新 01:51 19:54 414.82 1 成都学院 2564158553 0.30
34943 450123197112288957 0 黄秀云 15251735269 兴安盟 潮州 20:03 15:47 319.41 1 潮州学院 8779653070 1.00
62048 513422197604040754 0 谭浩 15242060263 辛集 张家港 21:59 13:06 415.30 0 无 无 0.00
34216 350782200010228826 0 陶璐 18985495439 呼和浩特 梧州 20:49 06:39 67.38 0 无 无 0.00
24631 640323195302183336 1 严婷婷 13485526452 佛山 南宁 00:27 06:43 322.56 0 无 无 0.00
59994 150622199610069465 1 傅桂英 18579119492 嘉禾 淮安 06:02 09:35 957.93 0 无 无 0.00
22730 520323197010225516 1 王玲 13086485752 合山 长春 13:14 15:40 372.72 0 无 无 0.00
24230 210403195307021301 1 谷帅 13374240537 石家庄 阜新 01:51 19:54 414.82 1 成都学院 2564158553 0.30
34943 450123197112288957 0 黄秀云 15251735269 兴安盟 潮州 20:03 15:47 319.41 1 潮州学院 8779653070 1.00
62048 513422197604040754 0 谭浩 15242060263 辛集 张家港 21:59 13:06 415.30 0 无 无 0.00
34216 350782200010228826 0 陶璐 18985495439 呼和浩特 梧州 20:49 06:39 67.38 0 无 无 0.00
24631 640323195302183336 1 严婷婷 13485526452 佛山 南宁 00:27 06:43 322.56 0 无 无 0.00
59994 150622199610069465 1 傅桂英 18579119492 嘉禾 淮安 06:02 09:35 957.93 0 无 无 0.00
22730 520323197010225516 1 王玲 13086485752 合山 长春 13:14 15:40 372.72 0 无 无 0.00
68455 410801193412189357 1 秦鑫 14754277585 关岭 海门 22:42 00:51 50.91 0 无 无 0.00
24230 210403195307021301 1 谷帅 13374240537 石家庄 阜新 01:51 19:54 414.82 1 成都学院 2564158553 0.30
34943 450123197112288957 0 黄秀云 15251735269 兴安盟 潮州 20:03 15:47 319.41 1 潮州学院 8779653070 1.00
62048 513422197604040754 0 谭浩 15242060263 辛集 张家港 21:59 13:06 415.30 0 无 无 0.00
34216 350782200010228826 0 陶璐 18985495439 呼和浩特 梧州 20:49 06:39 67.38 0 无 无 0.00
24631 640323195302183336 1 严婷婷 13485526452 佛山 南宁 00:27 06:43 322.56 0 无 无 0.00
59994 150622199610069465 1 傅桂英 18579119492 嘉禾 淮安 06:02 09:35 957.93 0 无 无 0.00
22730 520323197010225516 1 王玲 13086485752 合山 长春 13:14 15:40 372.72 0 无 无 0.00
68455 410801193412189357 1 秦鑫 14754277585 关岭 海门 22:42 00:51 50.91 0 无 无 0.00
91608 330411197509066010 0 王玉兰 18633155829 佛山 六安 19:10 14:33 351.90 1 西宁学院 9189226509 0.16
24230 210403195307021301 1 谷帅 13374240537 石家庄 阜新 01:51 19:54 414.82 1 成都学院 2564158553 0.30
34943 450123197112288957 0 黄秀云 15251735269 兴安盟 潮州 20:03 15:47 319.41 1 潮州学院 8779653070 1.00
62048 513422197604040754 0 谭浩 15242060263 辛集 张家港 21:59 13:06 415.30 0 无 无 0.00
34216 350782200010228826 0 陶璐 18985495439 呼和浩特 梧州 20:49 06:39 67.38 0 无 无 0.00
24631 640323195302183336 1 严婷婷 13485526452 佛山 南宁 00:27 06:43 322.56 0 无 无 0.00
59994 150622199610069465 1 傅桂英 18579119492 嘉禾 淮安 06:02 09:35 957.93 0 无 无 0.00
22730 520323197010225516 1 王玲 13086485752 合山 长春 13:14 15:40 372.72 0 无 无 0.00
68455 410801193412189357 1 秦鑫 14754277585 关岭 海门 22:42 00:51 50.91 0 无 无 0.00
91608 330411197509066010 0 王玉兰 18633155829 佛山 六安 19:10 14:33 351.90 1 西宁学院 9189226509 0.16
14731 450403195609192530 1 范博 15170263981 郑州 嘉禾 03:35 03:21 822.00 0 无 无 0.00
24230 210403195307021301 1 谷帅 13374240537 石家庄 阜新 01:51 19:54 414.82 1 成都学院 2564158553 0.30
34943 450123197112288957 0 黄秀云 15251735269 兴安盟 潮州 20:03 15:47 319.41 1 潮州学院 8779653070 1.00
62048 513422197604040754 0 谭浩 15242060263 辛集 张家港 21:59 13:06 415.30 0 无 无 0.00
34216 350782200010228826 0 陶璐 18985495439 呼和浩特 梧州 20:49 06:39 67.38 0 无 无 0.00
24631 640323195302183336 1 严婷婷 13485526452 佛山 南宁 00:27 06:43 322.56 0 无 无 0.00
59994 150622199610069465 1 傅桂英 18579119492 嘉禾 淮安 06:02 09:35 957.93 0 无 无 0.00
22730 520323197010225516 1 王玲 13086485752 合山 长春 13:14 15:40 372.72 0 无 无 0.00
68455 410801193412189357 1 秦鑫 14754277585 关岭 海门 22:42 00:51 50.91 0 无 无 0.00
91608 330411197509066010 0 王玉兰 18633155829 佛山 六安 19:10 14:33 351.90 1 西宁学院 9189226509 0.16
14731 450403195609192530 1 范博 15170263981 郑州 嘉禾 03:35 03:21 822.00 0 无 无 0.00
42251 370911194303316361 1 刘璐 15182887518 柳州 齐齐哈尔 03:04 22:56 939.60 0 无 无 0.00
